   397220.30772038561     
   401162.71035853738     
   406824.52549872850     
   415130.36094455328     
   427374.33955418848     
   447007.91141402425     
   481256.67881669739     
   548072.48455530393     
   698491.97810600000     
   1046141.0979206910     
   1108892.6386460236     
   856553.90010935185     
   734337.17990530457     
   649758.42583667266     
   609362.58564000879     
   628042.29466517793     
   670196.91936470754     
   653076.50835699576     
   592000.55677939788     
   585393.27998278942     
