   184996.30735642670     
   189033.87501176583     
   193813.70992844159     
   199737.58069144166     
   207184.59748339694     
   218103.30748722522     
   236252.70089073805     
   270368.96154817514     
   346066.21255478106     
   515388.47855989262     
   543883.22204763535     
   422306.16057789879     
   369053.78561131889     
   327659.97345437272     
   305885.18062904233     
   312675.59256866173     
   334827.31235004298     
   323964.35344522260     
   290493.38493069942     
   283140.30771669507     
