   394560.02344711649     
   399345.53637323820     
   405719.03546351881     
   414893.23689337284     
   428626.67556668195     
   449287.03336096188     
   485511.81438588997     
   554766.45149656152     
   710469.13938206981     
   1066190.0044274915     
   1125670.3652892716     
   862644.55031031917     
   738030.48004341824     
   652001.18638292735     
   610162.24179967341     
   628153.13010341919     
   670873.52489867853     
   653855.26088621537     
   592084.46552972356     
   584955.60795696673     
