   182361.86014086011     
   185833.42081648650     
   189883.87683939986     
   194781.87885121634     
   201136.84280691395     
   211112.68166681609     
   227162.27237201738     
   259365.01734255100     
   330241.49389932916     
   495532.21971440717     
   526193.90232728678     
   402427.91004498163     
   340004.14352282241     
   298033.55592417857     
   278907.02649245242     
   286300.26551204151     
   302109.19733296213     
   292797.69993773883     
   264102.29629382939     
   259931.22530904159     
